A = [1,2;3,4;5,6;7,8;9,10]
B = [3,5,4;6,7,1]
C = A*B